-----------------
................vtc
---
1

1Ht5Xt6cBCcj5dZPhDWWa4J5fvJgwHjgM7


6659948, 6370114, 7471475, 6080269, 5322715, 7232615, 6020275, 3421755, 3471750, 4805002, 5152798, 7355539, 5094839, 6601972, 7007737, 3471767, 6196207, 3761605, 7529446, 7413517, 6891807, 6949787, 7239622, 3703643, 6080268, 5558580, 7529454, 6601981, 6949774, 7297586, 5442639, 4225321, 4283290, 4631104, 7413519, 5326719, 7239613, 5268727, 4804991, 4631095, 5674509, 3471753, 6659939, 7065715, 4978899, 3703632, 4978904, 6254167, 4399239, 6138236, 3645653, 5210774, 5384678, 3471767, 4399230, 4862962

---------------------------------------------

2

1QDZU3NxB24Y1cH5wiRgWhMpKNKJcsu7Jo


4747037, 4283302, 6544003, 5326698, 5322715, 7232615, 6020275, 3421755, 3703618, 4805002, 7239610, 7355539, 4747037, 4804995, 5442628, 5558579, 5500603, 4978912, 5094832, 6949781, 6486038, 3471767, 5384678, 5210785, 5210763, 6544019, 5558576, 4457202, 5210764, 5210774, 4283299, 6254166, 6312135, 3587698, 7007750, 6544026, 5674504, 6891803, 7239605, 5442633, 6196212, 3297852, 4920929, 6080276, 3471757, 5616543, 3355828, 6601969, 5326711, 6428071, 6775871, 4341269, 5616546, 3761602, 6080273, 6486038

-----------------------------------------

3

1JrAXMXtdnkvrgxmBU8kdtHTcXwaZLNs7x


3471763, 4920939, 6949772, 4341259, 5322715, 7232615, 6020275, 3421755, 4631090, 4862969, 4225326, 3355816, 5616542, 7065708, 7181638, 3587701, 3645659, 7065724, 6080271, 7413517, 3529721, 3645668, 4747041, 5616554, 7355542, 6312151, 7181652, 7413519, 5268731, 3471764, 6833847, 6891803, 7471475, 3587698, 6370113, 5500620, 6544009, 5500595, 5268727, 3297854, 5384674, 5442631, 4283292, 6138243, 6138239, 6428081, 4631102, 7355540, 4805008, 4747028, 4747026, 5384675, 6659952, 3471767, 7007745, 6196203

-------------------------

4

1J2ZRnddtBzJ9Ez5HAZXE6q6vhvw8vznZa


4515169, 4805005, 5442630, 6833840, 5322715, 7232615, 6020275, 3421755, 4283288, 4862969, 4804996, 3413783, 6428080, 6080269, 5094826, 6891820, 6544009, 6080285, 4631096, 5210771, 6370104, 4399239, 7355556, 3761610, 7007740, 5210778, 7529454, 7355552, 5094830, 5210774, 6833847, 5268727, 7355541, 3471764, 4399235, 6659960, 5094834, 7123671, 7065704, 5616534, 6775882, 4862961, 6659939, 6370111, 5616536, 6544015, 3297861, 3413784, 5152810, 6659939, 4515158, 7297586, 3761602, 6370117, 4573131, 6428071



------------------------
5

1JfshqSgMPEjrZxmzGWpwV5GFQQHxVbop4


6428080, 5210774, 7297574, 7065708, 5322715, 7232615, 6020275, 3421755, 4920925, 4862969, 6486039, 3297849, 6659948, 3587688, 5674496, 4573140, 7297580, 5674516, 5094832, 5674507, 7413510, 7181655, 6833853, 4515181, 6312136, 6544019, 4631104, 5674509, 4341259, 4747038, 5500606, 5268727, 5094828, 5152807, 6659948, 6775894, 6196207, 7065704, 4573123, 6428072, 7065717, 6196202, 3413787, 7355550, 3355823, 5210774, 3355828, 6428068, 5384678, 5616533, 4747026, 5152807, 3413800, 4225338, 3529725, 6775873

}
